0.1543299 0.3780205 -0.327327 -0.5088683 0.211384
-1.158805 -0.3937262 0.2489376 -0.7265677 -0.7800541
-0.06329683 -1.258428 0.4705471 1.149779 -1.203493
-1.319061 -1.02662 1.043534 -0.2571268 0.8415617
0.5259642 0.7189379 -0.3039862 0.242694 2.008466
1.764294 0.8884934 1.063404 1.055728 0.09867916
1.710878 1.264184 -0.4171975 0.08849979 1.16247
-1.32192 -1.832187 -0.214961 0.9889631 0.2728743
0.5687533 0.03835414 0.4210565 1.17611 0.06297585
0.2334171 -0.2073373 -2.569304 -1.414548 -2.608896
-1.298817 0.4481008 1.617941 1.348976 0.8776151
-0.9980745 2.015249 0.5619058 0.7101609 0.1538655
0.3009357 0.4655168 0.7056658 0.09112479 -0.02213559
0.178589 0.6638697 0.955186 1.525768 0.5283017
0.7234439 0.9188445 1.469293 0.8872738 0.7548668
1.609384 1.566007 2.093481 2.471712 0.513821
1.225699 0.6614601 1.602295 1.115067 1.423893
1.371909 -1.155863 -0.5500189 0.5299993 -0.4766464
0.7198193 -0.01433936 1.412181 1.288741 2.033605
1.766006 0.4394684 0.674679 1.543205 1.155004
0.2322118 0.6029252 -2.190673 -0.762998 0.2125295
-0.976224 1.257944 -0.5935939 -0.3248288 0.2741037
1.095905 1.429641 1.308255 2.220933 2.572833
1.598562 1.07403 1.787904 0.5583712 0.2553782
1.989622 2.103749 0.994207 0.1223451 -0.2792655
-1.011015 0.5448895 -0.3917193 -0.0613516 1.987085
1.649934 0.9178679 0.540778 1.994918 2.296552
3.407521 1.594642 2.78587 1.567698 2.985984
2.896225 2.915936 1.34979 -0.9993325 -1.949356
0.5382605 0.98656 0.4749695 0.7186718 1.103944
1.018804 2.476024 2.246238 1.693054 1.90707
1.439327 0.1781544 -0.03975601 -0.2603806 -0.04887352
2.532325 1.899402 1.00494 2.053428 3.205092
1.840455 2.729329 2.410506 2.001436 2.037729
1.436283 2.076396 2.304078 2.738711 1.726404
0.99364 1.126183 1.742464 2.005399 0.5520269
-0.1241756 0.2445887 2.886463 3.218714 3.520065
5.324095 4.372798 3.149013 3.659815 3.224535
1.84755 1.976111 2.834529 2.491308 3.595335
3.184702 1.613023 2.156785 0.3259459 1.312194
1.348797 -0.2188954 1.067166 0.7863284 2.351365
1.591234 1.452606 0.7812346 1.463718 1.945718
2.181394 2.811847 3.66 1.741298 4.156086
1.78764 1.164739 3.381133 3.06223 5.028459
2.41576 1.622969 1.85719 2.206823 -0.8047949
0.2576489 -0.5272862 1.363686 1.325379 2.888678
3.697031 2.221864 3.299402 0.444381 0.8504431
1.760604 1.22087 2.554786 1.852256 2.035462
2.079679 1.927343 3.551568 3.059292 3.977994
2.640392 4.625132 5.275723 3.188253 0.7358059
0.7890972 1.879977 2.987018 4.154031 3.207317
3.915663 3.306583 1.409145 2.225154 1.430639
0.2848268 0.5203475 2.73165 2.682727 3.03
3.182168 1.855001 0.8163993 2.177069 1.609921
2.566632 2.223126 2.927757 4.875285 2.421523
2.313477 3.460593 2.257739 0.7103545 1.906724
2.861969 1.587381 0.5975563 0.4025359 2.98554
2.776796 1.608114 2.0576 2.173617 1.49155
1.638024 3.441537 3.390646 3.579494 3.440607
3.749561 3.356104 2.758105 2.831701 2.161894
1.484814 3.430182 4.575458 3.612299 1.7394
1.85712 1.976834 4.021715 3.864707 1.92031
2.137701 2.247138 4.064181 4.149596 3.592176
3.0168 2.599814 4.097571 3.92971 3.536277
2.598182 4.595115 3.491261 1.773655 2.548971
1.864418 2.675732 2.27443 2.932311 1.974191
1.152181 1.99088 2.946478 2.807927 2.85087
4.698574 2.432312 3.412758 2.258887 2.214055
3.205749 3.577346 4.960106 4.171412 5.537208
4.482459 3.836728 4.403124 4.184876 4.586482
3.92171 4.276795 3.778532 2.972172 1.626435
3.722405 2.654533 3.025428 4.081673 3.069173
5.074573 5.307084 3.888023 4.327954 5.627625
4.301147 3.695462 5.195514 4.264352 3.824337
3.030063 2.456445 2.462359 4.222737 2.118188
3.315544 5.907532 4.463078 4.155992 4.181914
3.539558 4.646733 4.617327 3.332133 3.59874
3.951745 3.932327 3.119681 2.563045 5.146582
3.454292 3.013725 3.931754 3.874826 3.862418
3.773018 4.05357 4.61613 4.862102 4.021757
6.474429 5.606753 4.38074 3.88531 4.930607
3.046952 3.391167 6.5557 5.32034 5.501269
4.674563 4.081127 3.823751 2.969037 3.20276
3.752495 4.7433 3.065832 2.558594 4.13748
2.345466 5.061664 3.551706 3.558551 4.907526
4.956782 6.782862 3.933684 4.30732 3.575572
3.558517 5.102599 4.480697 3.565332 4.765608
3.988611 2.999638 3.748501 4.457594 3.898134
4.250824 4.493361 2.621635 4.268091 3.805224
4.769894 5.471098 5.102188 4.430674 3.478485
3.449691 3.514165 2.654623 4.908544 4.614397
2.869132 2.095005 3.247426 3.3825 4.200872
5.352249 5.486206 4.799695 2.487437 4.11472
4.105135 4.14841 5.223047 4.744489 4.424092
5.369725 4.40737 5.572944 6.353259 6.187198
5.266619 4.457406 5.41352 4.971717 5.145048
5.080685 3.357483 4.571536 4.098349 4.407807
5.136452 4.94536 6.578795 2.814473 4.851229
5.381015 2.968923 4.153609 5.058125 5.088578
3.238506 5.292461 6.13242 4.309709 5.110128
4.998797 4.187245 4.395225 3.867045 4.780565
5.028202 4.211661 4.001225 4.921689 4.844375
4.646299 6.561117 6.602043 5.140259 4.634894
4.809554 5.044456 4.497566 4.07635 5.885988
6.31291 5.3179 6.682381 4.675549 4.611855
5.853259 5.752156 6.214717 4.483345 5.732585
3.723575 3.640961 5.330822 5.525686 5.251216
4.655549 6.578114 4.752447 3.367758 4.449452
4.783366 3.192338 4.929219 6.12647 5.857066
5.260106 6.706881 6.153884 5.078775 4.806092
4.260992 4.484546 4.123008 5.026263 5.36387
3.259584 4.496135 4.694156 6.654607 6.168693
5.693144 4.334699 6.169811 6.779228 5.139866
6.640787 5.868606 6.497778 8.02949 6.9718
6.993831 7.242958 8.038857 6.465382 7.52531
6.539466 5.770651 4.705034 4.543104 5.598195
4.041679 4.267613 3.652919 4.70468 5.691084
5.439497 7.125935 5.605586 7.244953 6.193877
6.86796 6.562697 5.245192 7.360306 5.330799
5.982965 5.663709 6.872785 6.884637 6.222672
6.274706 6.340113 5.989009 5.340996 5.812298
7.373723 6.434111 5.755196 6.368767 6.810046
6.950882 5.856363 5.850648 6.614697 5.470137
7.118922 7.659465 6.858883 8.689684 7.277476
4.953313 5.8278 5.673562 4.388697 5.96105
6.78762 7.084989 8.288401 9.71868 8.003681
6.811982 6.522003 7.4915 8.364759 7.250509
6.869125 6.498244 5.762738 6.375006 8.163364
8.294811 8.000925 7.936388 6.945085 6.139967
6.246366 5.81134 8.325835 8.432001 6.237082
4.933008 4.813434 5.31491 5.936751 6.2054
6.125976 5.458189 5.118103 6.388488 8.402423
6.143332 4.85308 4.749102 6.12565 7.491096
7.021145 8.851339 7.637718 6.210038 6.533827
7.485983 6.635229 5.714563 7.321827 6.351727
5.715841 6.598075 8.14354 7.1749 7.301674
9.152774 8.289154 7.287162 7.101338 7.696349
7.495018 8.334632 7.346207 6.324003 6.495879
5.425117 6.681729 8.253032 8.796851 8.152873
8.009113 6.616401 5.798062 6.220362 6.780179
7.557631 5.129545 6.505401 6.816228 7.602271
7.75079 6.698256 7.237677 8.098812 9.45838
8.240868 5.824084 6.730289 6.214329 6.070668
7.647361 8.627553 7.524087 6.379419 5.647063
5.280539 6.033004 7.11653 7.495236 8.078763
4.885117 7.032691 6.590822 5.972083 7.109822
7.406547 9.186846 7.670611 7.497182 8.403085
7.265239 7.097663 6.677584 6.101562 6.638531
6.619888 8.288671 8.082971 9.46916 9.580099
8.587525 6.866334 6.937416 7.038258 6.099952
6.762869 6.624336 6.919843 6.338547 7.083894
8.554961 7.343215 8.301935 7.935752 9.98137
9.773009 9.457518 9.067374 10.63883 7.904863
7.180437 6.427482 7.202561 7.297301 7.547051
7.630861 8.535717 7.485822 6.750838 7.609975
9.340397 8.470445 7.231905 7.701782 6.721523
7.933649 8.289097 7.900508 6.833641 8.027126
7.859597 7.11051 7.102171 7.735758 6.996088
8.42396 8.715135 8.148914 8.474574 7.532053
7.762515 8.173216 8.245525 8.099762 5.335233
6.772468 8.279585 10.43105 9.010594 8.477543
8.589034 9.70305 10.81785 9.517161 8.382098
7.924179 6.516494 7.121183 7.354721 8.663213
8.73615 8.285242 8.795125 8.690486 6.855714
9.248795 9.434774 8.037262 8.14774 9.262689
10.7282 10.9294 10.3204 8.496792 7.201685
6.294587 7.076438 9.404139 8.101922 7.288042
8.486359 8.747671 9.685399 10.42693 9.682081
10.11445 10.29561 8.659695 10.00004 7.531955
8.065397 8.974021 7.921851 8.517942 8.815339
10.7939 10.20208 8.819617 8.728832 7.540899
8.42073 6.735506 7.835469 6.658456 8.848948
8.972438 9.719302 10.53166 10.85429 8.962568
9.535285 10.09544 8.268491 6.543901 7.05601
7.378918 7.041073 9.339289 9.774342 10.42514
10.17189 10.0692 7.255014 7.773431 6.113358
5.866851 7.616913 8.246098 8.268383 7.566835
8.658433 8.75868 8.797632 9.02951 9.383315
9.499219 8.482939 8.964499 8.034357 7.019018
6.875748 6.576245 7.88671 9.197208 9.941465
10.99003 9.112464 10.17235 9.546653 10.54893
9.692848 6.974456 7.956699 9.220648 9.528519
9.585426 9.679677 9.991243 8.368451 9.687847
9.008325 10.55146 9.500715 7.931897 7.003909
7.807683 11.37101 8.427641 8.530831 9.868267
7.435649 8.378407 10.26042 9.383952 8.846488
9.352524 10.01842 8.033738 8.067497 8.207872
7.694973 7.615173 7.830458 7.600526 8.664065
12.67467 12.13633 12.05361 10.29905 9.783121
9.234579 10.34524 8.361915 9.135517 9.565656
7.873112 9.003193 11.10626 9.439399 10.13354
9.63843 10.06689 8.954688 8.81558 8.225887
8.779641 9.822292 10.57165 8.23109 8.50909
8.61353 8.666164 8.536259 8.226973 8.023813
9.559175 8.347865 8.943451 8.918566 8.502785
9.96998 10.63553 10.80154 10.21688 9.951437
8.89866 10.04972 9.762771 10.26168 10.22575
10.93082 10.10143 10.71195 11.45788 11.5498
10.58317 11.886 10.84538 10.53404 9.653435
9.55927 10.45875 7.128684 9.003533 8.767483
