-0.492 -0.173 -0.222 -0.327 0.063
-0.403 -0.565 -0.394 -0.313 0.053
-0.519 -0.316 -0.701 0.163 -0.727
-0.213 -0.239 -0.489 -0.208 -0.203
-0.329 -0.518 -0.166 -0.359 -0.239
-0.905 -0.456 -0.223 0.181 -0.391
-0.355 -0.404 -0.236 -0.551 -0.667
-0.649 -0.496 -0.471 -0.648 -0.319
-0.317 -0.511 -0.572 -0.689 -0.293
-0.544 -0.352 -0.298 -0.315 -0.236
-0.139 -0.16 -0.456 -0.403 -0.516
-0.391 -0.179 -0.67 -0.46 -0.429
-0.307 -0.37 -0.582 -0.339 -0.125
-0.167 -0.393 -0.709 -0.41 -0.405
-0.268 0.025 -0.244 -0.182 -0.281
-0.066 -0.014 -0.175 -0.147 -0.474
-0.011 0.021 -0.026 -0.343 0.097
-0.092 -0.062 0.05 0.271 0.155
-0.031 0.008 -0.067 0.088 0.14
-0.178 0.024 0.037 0.096 -0.024
-0.31 -0.069 -0.038 0.216 -0.152
-0.121 -0.469 -0.078 0.103 -0.001
-0.016 0.046 0.071 0.099 -0.302
-0.268 -0.107 -0.113 -0.199 -0.233
-0.102 -0.184 -0.368 0.148 -0.262
0 -0.383 0.116 -0.046 0.054
0.085 0.42 -0.027 0.335 -0.075
-0.115 0.11 0.256 0.391 0.308
0.591 0.418 0.085 0.171 0.438
0.665 0.179 0.555 0.957 0.72
0.603 0.792 0.868 0.814 0.82
0.898 0.924 1.037 0.765 0.782
1.017
