52.38
57.51
41.44
55.68
90.67
58.51
39.09
103.95
63.71
37.26
53.03
60.66
64.55
70.79
38.13
43.85
73.48
37.17
79.21
133.11
36.65
33.4
39.63
32.63
28.03
27.51
25.13
27.13
25.35
25.15
25.64
29.25
27.05
28.74
59.97
50.26
56
28.83
28.33
27.96
26.32
34.72
33.65
21.58
24.26
20.83
28.65
28.88
27.08
22.8
23.25
25.13
32.51
30.76
32.74
86.83
41.75
31.54
34.08
32.57
39.48
32.37
30.72
41.25
64.89
33.77
30.77
26
31.87
35.33
37.9
27.95
30.79
33.18
31.34
30.15
40.62
46.59
72.71
31.48
29.6
27.89
38.56
39.22
49.85
37.65
31.63
29.21
36.35
38.69
66.49
52.77
48.57
69.79
56.94
102.63
85.59
41.6
43.14
35.15
42.04
45.72
120.44
126.61
208.16
41.78
51
40.11
43.48
41.25
31.53
35.57
32.04
24.53
228.66
38.64
31.78
35.57
33.81
31.29
27.36
22.76
26.24
27.98
197.21
23.83
97.36
64.52
